{
 "cells": [
  {
   "cell_type": "code",
   "execution_count": 8,
   "id": "18ff3d26-020f-413b-be57-c33ef09231db",
   "metadata": {},
   "outputs": [],
   "source": [
    "import pandas as pd\n",
    "import numpy as np\n",
    "import seaborn as sns\n",
    "from matplotlib import pyplot as plt\n",
    "from sklearn.model_selection import train_test_split\n",
    "from sklearn.preprocessing import LabelEncoder\n",
    "from sklearn.preprocessing import StandardScaler\n",
    "from sklearn.linear_model import LogisticRegression\n",
    "from sklearn.neighbors import KNeighborsClassifier\n",
    "from sklearn.linear_model import Perceptron\n",
    "from matplotlib import pyplot as plt"
   ]
  },
  {
   "cell_type": "code",
   "execution_count": 9,
   "id": "d00fe878-b255-4899-8941-6e283eb2d011",
   "metadata": {},
   "outputs": [
    {
     "data": {
      "text/html": [
       "<div>\n",
       "<style scoped>\n",
       "    .dataframe tbody tr th:only-of-type {\n",
       "        vertical-align: middle;\n",
       "    }\n",
       "\n",
       "    .dataframe tbody tr th {\n",
       "        vertical-align: top;\n",
       "    }\n",
       "\n",
       "    .dataframe thead th {\n",
       "        text-align: right;\n",
       "    }\n",
       "</style>\n",
       "<table border=\"1\" class=\"dataframe\">\n",
       "  <thead>\n",
       "    <tr style=\"text-align: right;\">\n",
       "      <th></th>\n",
       "      <th>age</th>\n",
       "      <th>job</th>\n",
       "      <th>marital</th>\n",
       "      <th>education</th>\n",
       "      <th>default</th>\n",
       "      <th>balance</th>\n",
       "      <th>housing</th>\n",
       "      <th>loan</th>\n",
       "      <th>contact</th>\n",
       "      <th>day</th>\n",
       "      <th>month</th>\n",
       "      <th>duration</th>\n",
       "      <th>campaign</th>\n",
       "      <th>pdays</th>\n",
       "      <th>previous</th>\n",
       "      <th>poutcome</th>\n",
       "      <th>y</th>\n",
       "    </tr>\n",
       "  </thead>\n",
       "  <tbody>\n",
       "    <tr>\n",
       "      <th>0</th>\n",
       "      <td>58</td>\n",
       "      <td>management</td>\n",
       "      <td>married</td>\n",
       "      <td>tertiary</td>\n",
       "      <td>no</td>\n",
       "      <td>2143</td>\n",
       "      <td>yes</td>\n",
       "      <td>no</td>\n",
       "      <td>unknown</td>\n",
       "      <td>5</td>\n",
       "      <td>may</td>\n",
       "      <td>261</td>\n",
       "      <td>1</td>\n",
       "      <td>-1</td>\n",
       "      <td>0</td>\n",
       "      <td>unknown</td>\n",
       "      <td>no</td>\n",
       "    </tr>\n",
       "    <tr>\n",
       "      <th>1</th>\n",
       "      <td>44</td>\n",
       "      <td>technician</td>\n",
       "      <td>single</td>\n",
       "      <td>secondary</td>\n",
       "      <td>no</td>\n",
       "      <td>29</td>\n",
       "      <td>yes</td>\n",
       "      <td>no</td>\n",
       "      <td>unknown</td>\n",
       "      <td>5</td>\n",
       "      <td>may</td>\n",
       "      <td>151</td>\n",
       "      <td>1</td>\n",
       "      <td>-1</td>\n",
       "      <td>0</td>\n",
       "      <td>unknown</td>\n",
       "      <td>no</td>\n",
       "    </tr>\n",
       "    <tr>\n",
       "      <th>2</th>\n",
       "      <td>33</td>\n",
       "      <td>entrepreneur</td>\n",
       "      <td>married</td>\n",
       "      <td>secondary</td>\n",
       "      <td>no</td>\n",
       "      <td>2</td>\n",
       "      <td>yes</td>\n",
       "      <td>yes</td>\n",
       "      <td>unknown</td>\n",
       "      <td>5</td>\n",
       "      <td>may</td>\n",
       "      <td>76</td>\n",
       "      <td>1</td>\n",
       "      <td>-1</td>\n",
       "      <td>0</td>\n",
       "      <td>unknown</td>\n",
       "      <td>no</td>\n",
       "    </tr>\n",
       "    <tr>\n",
       "      <th>3</th>\n",
       "      <td>47</td>\n",
       "      <td>blue-collar</td>\n",
       "      <td>married</td>\n",
       "      <td>unknown</td>\n",
       "      <td>no</td>\n",
       "      <td>1506</td>\n",
       "      <td>yes</td>\n",
       "      <td>no</td>\n",
       "      <td>unknown</td>\n",
       "      <td>5</td>\n",
       "      <td>may</td>\n",
       "      <td>92</td>\n",
       "      <td>1</td>\n",
       "      <td>-1</td>\n",
       "      <td>0</td>\n",
       "      <td>unknown</td>\n",
       "      <td>no</td>\n",
       "    </tr>\n",
       "    <tr>\n",
       "      <th>4</th>\n",
       "      <td>33</td>\n",
       "      <td>unknown</td>\n",
       "      <td>single</td>\n",
       "      <td>unknown</td>\n",
       "      <td>no</td>\n",
       "      <td>1</td>\n",
       "      <td>no</td>\n",
       "      <td>no</td>\n",
       "      <td>unknown</td>\n",
       "      <td>5</td>\n",
       "      <td>may</td>\n",
       "      <td>198</td>\n",
       "      <td>1</td>\n",
       "      <td>-1</td>\n",
       "      <td>0</td>\n",
       "      <td>unknown</td>\n",
       "      <td>no</td>\n",
       "    </tr>\n",
       "    <tr>\n",
       "      <th>...</th>\n",
       "      <td>...</td>\n",
       "      <td>...</td>\n",
       "      <td>...</td>\n",
       "      <td>...</td>\n",
       "      <td>...</td>\n",
       "      <td>...</td>\n",
       "      <td>...</td>\n",
       "      <td>...</td>\n",
       "      <td>...</td>\n",
       "      <td>...</td>\n",
       "      <td>...</td>\n",
       "      <td>...</td>\n",
       "      <td>...</td>\n",
       "      <td>...</td>\n",
       "      <td>...</td>\n",
       "      <td>...</td>\n",
       "      <td>...</td>\n",
       "    </tr>\n",
       "    <tr>\n",
       "      <th>45206</th>\n",
       "      <td>51</td>\n",
       "      <td>technician</td>\n",
       "      <td>married</td>\n",
       "      <td>tertiary</td>\n",
       "      <td>no</td>\n",
       "      <td>825</td>\n",
       "      <td>no</td>\n",
       "      <td>no</td>\n",
       "      <td>cellular</td>\n",
       "      <td>17</td>\n",
       "      <td>nov</td>\n",
       "      <td>977</td>\n",
       "      <td>3</td>\n",
       "      <td>-1</td>\n",
       "      <td>0</td>\n",
       "      <td>unknown</td>\n",
       "      <td>yes</td>\n",
       "    </tr>\n",
       "    <tr>\n",
       "      <th>45207</th>\n",
       "      <td>71</td>\n",
       "      <td>retired</td>\n",
       "      <td>divorced</td>\n",
       "      <td>primary</td>\n",
       "      <td>no</td>\n",
       "      <td>1729</td>\n",
       "      <td>no</td>\n",
       "      <td>no</td>\n",
       "      <td>cellular</td>\n",
       "      <td>17</td>\n",
       "      <td>nov</td>\n",
       "      <td>456</td>\n",
       "      <td>2</td>\n",
       "      <td>-1</td>\n",
       "      <td>0</td>\n",
       "      <td>unknown</td>\n",
       "      <td>yes</td>\n",
       "    </tr>\n",
       "    <tr>\n",
       "      <th>45208</th>\n",
       "      <td>72</td>\n",
       "      <td>retired</td>\n",
       "      <td>married</td>\n",
       "      <td>secondary</td>\n",
       "      <td>no</td>\n",
       "      <td>5715</td>\n",
       "      <td>no</td>\n",
       "      <td>no</td>\n",
       "      <td>cellular</td>\n",
       "      <td>17</td>\n",
       "      <td>nov</td>\n",
       "      <td>1127</td>\n",
       "      <td>5</td>\n",
       "      <td>184</td>\n",
       "      <td>3</td>\n",
       "      <td>success</td>\n",
       "      <td>yes</td>\n",
       "    </tr>\n",
       "    <tr>\n",
       "      <th>45209</th>\n",
       "      <td>57</td>\n",
       "      <td>blue-collar</td>\n",
       "      <td>married</td>\n",
       "      <td>secondary</td>\n",
       "      <td>no</td>\n",
       "      <td>668</td>\n",
       "      <td>no</td>\n",
       "      <td>no</td>\n",
       "      <td>telephone</td>\n",
       "      <td>17</td>\n",
       "      <td>nov</td>\n",
       "      <td>508</td>\n",
       "      <td>4</td>\n",
       "      <td>-1</td>\n",
       "      <td>0</td>\n",
       "      <td>unknown</td>\n",
       "      <td>no</td>\n",
       "    </tr>\n",
       "    <tr>\n",
       "      <th>45210</th>\n",
       "      <td>37</td>\n",
       "      <td>entrepreneur</td>\n",
       "      <td>married</td>\n",
       "      <td>secondary</td>\n",
       "      <td>no</td>\n",
       "      <td>2971</td>\n",
       "      <td>no</td>\n",
       "      <td>no</td>\n",
       "      <td>cellular</td>\n",
       "      <td>17</td>\n",
       "      <td>nov</td>\n",
       "      <td>361</td>\n",
       "      <td>2</td>\n",
       "      <td>188</td>\n",
       "      <td>11</td>\n",
       "      <td>other</td>\n",
       "      <td>no</td>\n",
       "    </tr>\n",
       "  </tbody>\n",
       "</table>\n",
       "<p>45211 rows × 17 columns</p>\n",
       "</div>"
      ],
      "text/plain": [
       "       age           job   marital  education default  balance housing loan  \\\n",
       "0       58    management   married   tertiary      no     2143     yes   no   \n",
       "1       44    technician    single  secondary      no       29     yes   no   \n",
       "2       33  entrepreneur   married  secondary      no        2     yes  yes   \n",
       "3       47   blue-collar   married    unknown      no     1506     yes   no   \n",
       "4       33       unknown    single    unknown      no        1      no   no   \n",
       "...    ...           ...       ...        ...     ...      ...     ...  ...   \n",
       "45206   51    technician   married   tertiary      no      825      no   no   \n",
       "45207   71       retired  divorced    primary      no     1729      no   no   \n",
       "45208   72       retired   married  secondary      no     5715      no   no   \n",
       "45209   57   blue-collar   married  secondary      no      668      no   no   \n",
       "45210   37  entrepreneur   married  secondary      no     2971      no   no   \n",
       "\n",
       "         contact  day month  duration  campaign  pdays  previous poutcome    y  \n",
       "0        unknown    5   may       261         1     -1         0  unknown   no  \n",
       "1        unknown    5   may       151         1     -1         0  unknown   no  \n",
       "2        unknown    5   may        76         1     -1         0  unknown   no  \n",
       "3        unknown    5   may        92         1     -1         0  unknown   no  \n",
       "4        unknown    5   may       198         1     -1         0  unknown   no  \n",
       "...          ...  ...   ...       ...       ...    ...       ...      ...  ...  \n",
       "45206   cellular   17   nov       977         3     -1         0  unknown  yes  \n",
       "45207   cellular   17   nov       456         2     -1         0  unknown  yes  \n",
       "45208   cellular   17   nov      1127         5    184         3  success  yes  \n",
       "45209  telephone   17   nov       508         4     -1         0  unknown   no  \n",
       "45210   cellular   17   nov       361         2    188        11    other   no  \n",
       "\n",
       "[45211 rows x 17 columns]"
      ]
     },
     "execution_count": 9,
     "metadata": {},
     "output_type": "execute_result"
    }
   ],
   "source": [
    "data = pd.read_csv(\"bank-full.csv\", sep=\";\")\n",
    "data"
   ]
  },
  {
   "cell_type": "code",
   "execution_count": 10,
   "id": "53f909b3-a4b8-4bc7-aa34-b4c39e439300",
   "metadata": {},
   "outputs": [
    {
     "name": "stdout",
     "output_type": "stream",
     "text": [
      "0\n"
     ]
    },
    {
     "data": {
      "text/html": [
       "<div>\n",
       "<style scoped>\n",
       "    .dataframe tbody tr th:only-of-type {\n",
       "        vertical-align: middle;\n",
       "    }\n",
       "\n",
       "    .dataframe tbody tr th {\n",
       "        vertical-align: top;\n",
       "    }\n",
       "\n",
       "    .dataframe thead th {\n",
       "        text-align: right;\n",
       "    }\n",
       "</style>\n",
       "<table border=\"1\" class=\"dataframe\">\n",
       "  <thead>\n",
       "    <tr style=\"text-align: right;\">\n",
       "      <th></th>\n",
       "      <th>age</th>\n",
       "      <th>job</th>\n",
       "      <th>marital</th>\n",
       "      <th>education</th>\n",
       "      <th>default</th>\n",
       "      <th>balance</th>\n",
       "      <th>housing</th>\n",
       "      <th>loan</th>\n",
       "      <th>contact</th>\n",
       "      <th>day</th>\n",
       "      <th>month</th>\n",
       "      <th>duration</th>\n",
       "      <th>campaign</th>\n",
       "      <th>pdays</th>\n",
       "      <th>previous</th>\n",
       "      <th>poutcome</th>\n",
       "      <th>y</th>\n",
       "    </tr>\n",
       "  </thead>\n",
       "  <tbody>\n",
       "    <tr>\n",
       "      <th>age</th>\n",
       "      <td>1.000000</td>\n",
       "      <td>-0.021872</td>\n",
       "      <td>-0.403258</td>\n",
       "      <td>-0.106829</td>\n",
       "      <td>-0.017879</td>\n",
       "      <td>0.119073</td>\n",
       "      <td>-0.185510</td>\n",
       "      <td>-0.015650</td>\n",
       "      <td>0.026229</td>\n",
       "      <td>-0.009118</td>\n",
       "      <td>-0.042359</td>\n",
       "      <td>-0.006796</td>\n",
       "      <td>0.005023</td>\n",
       "      <td>-0.024404</td>\n",
       "      <td>0.002070</td>\n",
       "      <td>0.007367</td>\n",
       "      <td>0.025130</td>\n",
       "    </tr>\n",
       "    <tr>\n",
       "      <th>job</th>\n",
       "      <td>-0.021872</td>\n",
       "      <td>1.000000</td>\n",
       "      <td>0.062045</td>\n",
       "      <td>0.166707</td>\n",
       "      <td>-0.006853</td>\n",
       "      <td>0.026004</td>\n",
       "      <td>-0.125363</td>\n",
       "      <td>-0.033004</td>\n",
       "      <td>-0.082063</td>\n",
       "      <td>0.022856</td>\n",
       "      <td>-0.092870</td>\n",
       "      <td>0.004094</td>\n",
       "      <td>0.006882</td>\n",
       "      <td>-0.025099</td>\n",
       "      <td>-0.000883</td>\n",
       "      <td>0.011010</td>\n",
       "      <td>0.040438</td>\n",
       "    </tr>\n",
       "    <tr>\n",
       "      <th>marital</th>\n",
       "      <td>-0.403258</td>\n",
       "      <td>0.062045</td>\n",
       "      <td>1.000000</td>\n",
       "      <td>0.108576</td>\n",
       "      <td>-0.007023</td>\n",
       "      <td>0.006913</td>\n",
       "      <td>-0.016096</td>\n",
       "      <td>-0.046893</td>\n",
       "      <td>-0.039201</td>\n",
       "      <td>-0.005261</td>\n",
       "      <td>-0.006991</td>\n",
       "      <td>0.012364</td>\n",
       "      <td>-0.009176</td>\n",
       "      <td>0.019636</td>\n",
       "      <td>0.018810</td>\n",
       "      <td>-0.016850</td>\n",
       "      <td>0.045588</td>\n",
       "    </tr>\n",
       "    <tr>\n",
       "      <th>education</th>\n",
       "      <td>-0.106829</td>\n",
       "      <td>0.166707</td>\n",
       "      <td>0.108576</td>\n",
       "      <td>1.000000</td>\n",
       "      <td>-0.010718</td>\n",
       "      <td>0.071495</td>\n",
       "      <td>-0.090790</td>\n",
       "      <td>-0.048574</td>\n",
       "      <td>-0.110928</td>\n",
       "      <td>0.022671</td>\n",
       "      <td>-0.057304</td>\n",
       "      <td>0.002275</td>\n",
       "      <td>0.006193</td>\n",
       "      <td>-0.001356</td>\n",
       "      <td>0.018873</td>\n",
       "      <td>-0.019361</td>\n",
       "      <td>0.066241</td>\n",
       "    </tr>\n",
       "    <tr>\n",
       "      <th>default</th>\n",
       "      <td>-0.017879</td>\n",
       "      <td>-0.006853</td>\n",
       "      <td>-0.007023</td>\n",
       "      <td>-0.010718</td>\n",
       "      <td>1.000000</td>\n",
       "      <td>-0.105660</td>\n",
       "      <td>-0.006025</td>\n",
       "      <td>0.077234</td>\n",
       "      <td>0.015404</td>\n",
       "      <td>0.009424</td>\n",
       "      <td>0.011486</td>\n",
       "      <td>-0.009455</td>\n",
       "      <td>0.017007</td>\n",
       "      <td>-0.029970</td>\n",
       "      <td>-0.021983</td>\n",
       "      <td>0.034898</td>\n",
       "      <td>-0.022419</td>\n",
       "    </tr>\n",
       "    <tr>\n",
       "      <th>balance</th>\n",
       "      <td>0.119073</td>\n",
       "      <td>0.026004</td>\n",
       "      <td>0.006913</td>\n",
       "      <td>0.071495</td>\n",
       "      <td>-0.105660</td>\n",
       "      <td>1.000000</td>\n",
       "      <td>-0.078896</td>\n",
       "      <td>-0.114077</td>\n",
       "      <td>-0.036057</td>\n",
       "      <td>0.010893</td>\n",
       "      <td>0.023925</td>\n",
       "      <td>0.038270</td>\n",
       "      <td>-0.025987</td>\n",
       "      <td>0.012325</td>\n",
       "      <td>0.039646</td>\n",
       "      <td>-0.041198</td>\n",
       "      <td>0.082873</td>\n",
       "    </tr>\n",
       "    <tr>\n",
       "      <th>housing</th>\n",
       "      <td>-0.185510</td>\n",
       "      <td>-0.125363</td>\n",
       "      <td>-0.016096</td>\n",
       "      <td>-0.090790</td>\n",
       "      <td>-0.006025</td>\n",
       "      <td>-0.078896</td>\n",
       "      <td>1.000000</td>\n",
       "      <td>0.041323</td>\n",
       "      <td>0.188123</td>\n",
       "      <td>-0.027982</td>\n",
       "      <td>0.271481</td>\n",
       "      <td>0.005878</td>\n",
       "      <td>-0.024178</td>\n",
       "      <td>0.127521</td>\n",
       "      <td>0.042332</td>\n",
       "      <td>-0.099971</td>\n",
       "      <td>-0.139173</td>\n",
       "    </tr>\n",
       "    <tr>\n",
       "      <th>loan</th>\n",
       "      <td>-0.015650</td>\n",
       "      <td>-0.033004</td>\n",
       "      <td>-0.046893</td>\n",
       "      <td>-0.048574</td>\n",
       "      <td>0.077234</td>\n",
       "      <td>-0.114077</td>\n",
       "      <td>0.041323</td>\n",
       "      <td>1.000000</td>\n",
       "      <td>-0.010873</td>\n",
       "      <td>0.011370</td>\n",
       "      <td>0.022145</td>\n",
       "      <td>-0.013354</td>\n",
       "      <td>0.010102</td>\n",
       "      <td>-0.022699</td>\n",
       "      <td>-0.012729</td>\n",
       "      <td>0.015458</td>\n",
       "      <td>-0.068185</td>\n",
       "    </tr>\n",
       "    <tr>\n",
       "      <th>contact</th>\n",
       "      <td>0.026229</td>\n",
       "      <td>-0.082063</td>\n",
       "      <td>-0.039201</td>\n",
       "      <td>-0.110928</td>\n",
       "      <td>0.015404</td>\n",
       "      <td>-0.036057</td>\n",
       "      <td>0.188123</td>\n",
       "      <td>-0.010873</td>\n",
       "      <td>1.000000</td>\n",
       "      <td>-0.027936</td>\n",
       "      <td>0.361145</td>\n",
       "      <td>-0.024421</td>\n",
       "      <td>0.019213</td>\n",
       "      <td>-0.248608</td>\n",
       "      <td>-0.178903</td>\n",
       "      <td>0.272214</td>\n",
       "      <td>-0.148395</td>\n",
       "    </tr>\n",
       "    <tr>\n",
       "      <th>day</th>\n",
       "      <td>-0.009118</td>\n",
       "      <td>0.022856</td>\n",
       "      <td>-0.005261</td>\n",
       "      <td>0.022671</td>\n",
       "      <td>0.009424</td>\n",
       "      <td>0.010893</td>\n",
       "      <td>-0.027982</td>\n",
       "      <td>0.011370</td>\n",
       "      <td>-0.027936</td>\n",
       "      <td>1.000000</td>\n",
       "      <td>-0.006028</td>\n",
       "      <td>-0.032022</td>\n",
       "      <td>0.163353</td>\n",
       "      <td>-0.094545</td>\n",
       "      <td>-0.058829</td>\n",
       "      <td>0.083460</td>\n",
       "      <td>-0.028348</td>\n",
       "    </tr>\n",
       "    <tr>\n",
       "      <th>month</th>\n",
       "      <td>-0.042359</td>\n",
       "      <td>-0.092870</td>\n",
       "      <td>-0.006991</td>\n",
       "      <td>-0.057304</td>\n",
       "      <td>0.011486</td>\n",
       "      <td>0.023925</td>\n",
       "      <td>0.271481</td>\n",
       "      <td>0.022145</td>\n",
       "      <td>0.361145</td>\n",
       "      <td>-0.006028</td>\n",
       "      <td>1.000000</td>\n",
       "      <td>0.006096</td>\n",
       "      <td>-0.111055</td>\n",
       "      <td>0.031766</td>\n",
       "      <td>0.030089</td>\n",
       "      <td>-0.033038</td>\n",
       "      <td>-0.024471</td>\n",
       "    </tr>\n",
       "    <tr>\n",
       "      <th>duration</th>\n",
       "      <td>-0.006796</td>\n",
       "      <td>0.004094</td>\n",
       "      <td>0.012364</td>\n",
       "      <td>0.002275</td>\n",
       "      <td>-0.009455</td>\n",
       "      <td>0.038270</td>\n",
       "      <td>0.005878</td>\n",
       "      <td>-0.013354</td>\n",
       "      <td>-0.024421</td>\n",
       "      <td>-0.032022</td>\n",
       "      <td>0.006096</td>\n",
       "      <td>1.000000</td>\n",
       "      <td>-0.090308</td>\n",
       "      <td>0.000942</td>\n",
       "      <td>0.001730</td>\n",
       "      <td>0.009401</td>\n",
       "      <td>0.407875</td>\n",
       "    </tr>\n",
       "    <tr>\n",
       "      <th>campaign</th>\n",
       "      <td>0.005023</td>\n",
       "      <td>0.006882</td>\n",
       "      <td>-0.009176</td>\n",
       "      <td>0.006193</td>\n",
       "      <td>0.017007</td>\n",
       "      <td>-0.025987</td>\n",
       "      <td>-0.024178</td>\n",
       "      <td>0.010102</td>\n",
       "      <td>0.019213</td>\n",
       "      <td>0.163353</td>\n",
       "      <td>-0.111055</td>\n",
       "      <td>-0.090308</td>\n",
       "      <td>1.000000</td>\n",
       "      <td>-0.088905</td>\n",
       "      <td>-0.040007</td>\n",
       "      <td>0.102107</td>\n",
       "      <td>-0.073525</td>\n",
       "    </tr>\n",
       "    <tr>\n",
       "      <th>pdays</th>\n",
       "      <td>-0.024404</td>\n",
       "      <td>-0.025099</td>\n",
       "      <td>0.019636</td>\n",
       "      <td>-0.001356</td>\n",
       "      <td>-0.029970</td>\n",
       "      <td>0.012325</td>\n",
       "      <td>0.127521</td>\n",
       "      <td>-0.022699</td>\n",
       "      <td>-0.248608</td>\n",
       "      <td>-0.094545</td>\n",
       "      <td>0.031766</td>\n",
       "      <td>0.000942</td>\n",
       "      <td>-0.088905</td>\n",
       "      <td>1.000000</td>\n",
       "      <td>0.550080</td>\n",
       "      <td>-0.864747</td>\n",
       "      <td>0.101449</td>\n",
       "    </tr>\n",
       "    <tr>\n",
       "      <th>previous</th>\n",
       "      <td>0.002070</td>\n",
       "      <td>-0.000883</td>\n",
       "      <td>0.018810</td>\n",
       "      <td>0.018873</td>\n",
       "      <td>-0.021983</td>\n",
       "      <td>0.039646</td>\n",
       "      <td>0.042332</td>\n",
       "      <td>-0.012729</td>\n",
       "      <td>-0.178903</td>\n",
       "      <td>-0.058829</td>\n",
       "      <td>0.030089</td>\n",
       "      <td>0.001730</td>\n",
       "      <td>-0.040007</td>\n",
       "      <td>0.550080</td>\n",
       "      <td>1.000000</td>\n",
       "      <td>-0.594431</td>\n",
       "      <td>0.114407</td>\n",
       "    </tr>\n",
       "    <tr>\n",
       "      <th>poutcome</th>\n",
       "      <td>0.007367</td>\n",
       "      <td>0.011010</td>\n",
       "      <td>-0.016850</td>\n",
       "      <td>-0.019361</td>\n",
       "      <td>0.034898</td>\n",
       "      <td>-0.041198</td>\n",
       "      <td>-0.099971</td>\n",
       "      <td>0.015458</td>\n",
       "      <td>0.272214</td>\n",
       "      <td>0.083460</td>\n",
       "      <td>-0.033038</td>\n",
       "      <td>0.009401</td>\n",
       "      <td>0.102107</td>\n",
       "      <td>-0.864747</td>\n",
       "      <td>-0.594431</td>\n",
       "      <td>1.000000</td>\n",
       "      <td>-0.077840</td>\n",
       "    </tr>\n",
       "    <tr>\n",
       "      <th>y</th>\n",
       "      <td>0.025130</td>\n",
       "      <td>0.040438</td>\n",
       "      <td>0.045588</td>\n",
       "      <td>0.066241</td>\n",
       "      <td>-0.022419</td>\n",
       "      <td>0.082873</td>\n",
       "      <td>-0.139173</td>\n",
       "      <td>-0.068185</td>\n",
       "      <td>-0.148395</td>\n",
       "      <td>-0.028348</td>\n",
       "      <td>-0.024471</td>\n",
       "      <td>0.407875</td>\n",
       "      <td>-0.073525</td>\n",
       "      <td>0.101449</td>\n",
       "      <td>0.114407</td>\n",
       "      <td>-0.077840</td>\n",
       "      <td>1.000000</td>\n",
       "    </tr>\n",
       "  </tbody>\n",
       "</table>\n",
       "</div>"
      ],
      "text/plain": [
       "                age       job   marital  education   default   balance  \\\n",
       "age        1.000000 -0.021872 -0.403258  -0.106829 -0.017879  0.119073   \n",
       "job       -0.021872  1.000000  0.062045   0.166707 -0.006853  0.026004   \n",
       "marital   -0.403258  0.062045  1.000000   0.108576 -0.007023  0.006913   \n",
       "education -0.106829  0.166707  0.108576   1.000000 -0.010718  0.071495   \n",
       "default   -0.017879 -0.006853 -0.007023  -0.010718  1.000000 -0.105660   \n",
       "balance    0.119073  0.026004  0.006913   0.071495 -0.105660  1.000000   \n",
       "housing   -0.185510 -0.125363 -0.016096  -0.090790 -0.006025 -0.078896   \n",
       "loan      -0.015650 -0.033004 -0.046893  -0.048574  0.077234 -0.114077   \n",
       "contact    0.026229 -0.082063 -0.039201  -0.110928  0.015404 -0.036057   \n",
       "day       -0.009118  0.022856 -0.005261   0.022671  0.009424  0.010893   \n",
       "month     -0.042359 -0.092870 -0.006991  -0.057304  0.011486  0.023925   \n",
       "duration  -0.006796  0.004094  0.012364   0.002275 -0.009455  0.038270   \n",
       "campaign   0.005023  0.006882 -0.009176   0.006193  0.017007 -0.025987   \n",
       "pdays     -0.024404 -0.025099  0.019636  -0.001356 -0.029970  0.012325   \n",
       "previous   0.002070 -0.000883  0.018810   0.018873 -0.021983  0.039646   \n",
       "poutcome   0.007367  0.011010 -0.016850  -0.019361  0.034898 -0.041198   \n",
       "y          0.025130  0.040438  0.045588   0.066241 -0.022419  0.082873   \n",
       "\n",
       "            housing      loan   contact       day     month  duration  \\\n",
       "age       -0.185510 -0.015650  0.026229 -0.009118 -0.042359 -0.006796   \n",
       "job       -0.125363 -0.033004 -0.082063  0.022856 -0.092870  0.004094   \n",
       "marital   -0.016096 -0.046893 -0.039201 -0.005261 -0.006991  0.012364   \n",
       "education -0.090790 -0.048574 -0.110928  0.022671 -0.057304  0.002275   \n",
       "default   -0.006025  0.077234  0.015404  0.009424  0.011486 -0.009455   \n",
       "balance   -0.078896 -0.114077 -0.036057  0.010893  0.023925  0.038270   \n",
       "housing    1.000000  0.041323  0.188123 -0.027982  0.271481  0.005878   \n",
       "loan       0.041323  1.000000 -0.010873  0.011370  0.022145 -0.013354   \n",
       "contact    0.188123 -0.010873  1.000000 -0.027936  0.361145 -0.024421   \n",
       "day       -0.027982  0.011370 -0.027936  1.000000 -0.006028 -0.032022   \n",
       "month      0.271481  0.022145  0.361145 -0.006028  1.000000  0.006096   \n",
       "duration   0.005878 -0.013354 -0.024421 -0.032022  0.006096  1.000000   \n",
       "campaign  -0.024178  0.010102  0.019213  0.163353 -0.111055 -0.090308   \n",
       "pdays      0.127521 -0.022699 -0.248608 -0.094545  0.031766  0.000942   \n",
       "previous   0.042332 -0.012729 -0.178903 -0.058829  0.030089  0.001730   \n",
       "poutcome  -0.099971  0.015458  0.272214  0.083460 -0.033038  0.009401   \n",
       "y         -0.139173 -0.068185 -0.148395 -0.028348 -0.024471  0.407875   \n",
       "\n",
       "           campaign     pdays  previous  poutcome         y  \n",
       "age        0.005023 -0.024404  0.002070  0.007367  0.025130  \n",
       "job        0.006882 -0.025099 -0.000883  0.011010  0.040438  \n",
       "marital   -0.009176  0.019636  0.018810 -0.016850  0.045588  \n",
       "education  0.006193 -0.001356  0.018873 -0.019361  0.066241  \n",
       "default    0.017007 -0.029970 -0.021983  0.034898 -0.022419  \n",
       "balance   -0.025987  0.012325  0.039646 -0.041198  0.082873  \n",
       "housing   -0.024178  0.127521  0.042332 -0.099971 -0.139173  \n",
       "loan       0.010102 -0.022699 -0.012729  0.015458 -0.068185  \n",
       "contact    0.019213 -0.248608 -0.178903  0.272214 -0.148395  \n",
       "day        0.163353 -0.094545 -0.058829  0.083460 -0.028348  \n",
       "month     -0.111055  0.031766  0.030089 -0.033038 -0.024471  \n",
       "duration  -0.090308  0.000942  0.001730  0.009401  0.407875  \n",
       "campaign   1.000000 -0.088905 -0.040007  0.102107 -0.073525  \n",
       "pdays     -0.088905  1.000000  0.550080 -0.864747  0.101449  \n",
       "previous  -0.040007  0.550080  1.000000 -0.594431  0.114407  \n",
       "poutcome   0.102107 -0.864747 -0.594431  1.000000 -0.077840  \n",
       "y         -0.073525  0.101449  0.114407 -0.077840  1.000000  "
      ]
     },
     "execution_count": 10,
     "metadata": {},
     "output_type": "execute_result"
    }
   ],
   "source": [
    "print(data.isna().sum().sum()) #Provera nepostojecih vrednosti\n",
    "\n",
    "label_encoder = LabelEncoder()\n",
    "\n",
    "for column in data.columns:\n",
    "    data[column] = label_encoder.fit_transform(data[column]) #Kategoricne vrednosti\n",
    "\n",
    "#Prikazivanje korelacione matrice\n",
    "corr_matrix = data.corr()\n",
    "corr_matrix"
   ]
  },
  {
   "cell_type": "code",
   "execution_count": 11,
   "id": "1f01e857-9cc5-4448-8419-72e313ca5e5d",
   "metadata": {},
   "outputs": [],
   "source": [
    "x = data.iloc[:, 0:16] \n",
    "y = data.iloc[:, -1] \n",
    "\n",
    "train_x, test_x, train_y, test_y = train_test_split(x, y, test_size=0.3, random_state=42) #Podela na trening i test skup"
   ]
  },
  {
   "cell_type": "code",
   "execution_count": 12,
   "id": "02e2180b-d277-441a-be23-7dc78a461d13",
   "metadata": {},
   "outputs": [
    {
     "name": "stdout",
     "output_type": "stream",
     "text": [
      "Trening score:\n",
      "0.8858975574304041\n",
      "Test score:\n",
      "0.8840312592155706\n"
     ]
    },
    {
     "name": "stderr",
     "output_type": "stream",
     "text": [
      "C:\\Python310\\lib\\site-packages\\sklearn\\linear_model\\_logistic.py:444: ConvergenceWarning: lbfgs failed to converge (status=1):\n",
      "STOP: TOTAL NO. of ITERATIONS REACHED LIMIT.\n",
      "\n",
      "Increase the number of iterations (max_iter) or scale the data as shown in:\n",
      "    https://scikit-learn.org/stable/modules/preprocessing.html\n",
      "Please also refer to the documentation for alternative solver options:\n",
      "    https://scikit-learn.org/stable/modules/linear_model.html#logistic-regression\n",
      "  n_iter_i = _check_optimize_result(\n"
     ]
    }
   ],
   "source": [
    "train_x, test_x, train_y, test_y = train_test_split(x, y, test_size=0.3, random_state=42) #Podela na trening i test skup\n",
    "\n",
    "log_reg = LogisticRegression()\n",
    "log_reg.fit(train_x, train_y)\n",
    "\n",
    "print(\"Trening score:\")\n",
    "print(log_reg.score(train_x, train_y))\n",
    "\n",
    "print(\"Test score:\")\n",
    "print(log_reg.score(test_x, test_y))\n",
    "\n",
    "#Logisticka regresija - malo slabija tacnost u poredjenju sa Logistickom regresijom ali dosta krace traje predikcija"
   ]
  },
  {
   "cell_type": "code",
   "execution_count": 13,
   "id": "50ec564d-e690-452d-927f-9fb8959e1270",
   "metadata": {},
   "outputs": [
    {
     "name": "stdout",
     "output_type": "stream",
     "text": [
      "Trening score:\n",
      "0.8837804531235188\n",
      "Test score:\n",
      "0.8829253907401946\n"
     ]
    }
   ],
   "source": [
    "train_x, test_x, train_y, test_y = train_test_split(x, y, test_size=0.3, random_state=42) #Podjela na trening i test skup\n",
    "\n",
    "perceptron = Perceptron()\n",
    "perceptron.fit(train_x, train_y)\n",
    "\n",
    "print(\"Trening score:\")\n",
    "print(perceptron.score(train_x, train_y))\n",
    "\n",
    "print(\"Test score:\")\n",
    "print(perceptron.score(test_x, test_y))\n",
    "\n",
    "#Perceptron - dobra tacnost i najbrza predikcija od svih"
   ]
  },
  {
   "cell_type": "code",
   "execution_count": 15,
   "id": "b0647373-3000-45da-b755-3c12c8289e62",
   "metadata": {},
   "outputs": [],
   "source": [
    "data[\"y_p\"] = perceptron.predict(x)\n",
    "data.to_csv(\"rezulatat.csv\")"
   ]
  },
  {
   "cell_type": "code",
   "execution_count": null,
   "id": "2aa7edae-c268-4c7d-b736-0d2095d82e64",
   "metadata": {},
   "outputs": [],
   "source": []
  }
 ],
 "metadata": {
  "kernelspec": {
   "display_name": "Python 3 (ipykernel)",
   "language": "python",
   "name": "python3"
  },
  "language_info": {
   "codemirror_mode": {
    "name": "ipython",
    "version": 3
   },
   "file_extension": ".py",
   "mimetype": "text/x-python",
   "name": "python",
   "nbconvert_exporter": "python",
   "pygments_lexer": "ipython3",
   "version": "3.10.2"
  }
 },
 "nbformat": 4,
 "nbformat_minor": 5
}
